0 0.52163464 0.32692307 0.043269232 0.07692308
0 0.61778843 0.34855768 0.060096152 0.0625
0 0.6730769 0.32692307 0.045673076 0.067307696
0 0.65625 0.5673077 0.05528846 0.07451923
0 0.64903843 0.6370192 0.05528846 0.07932692
0 0.6995192 0.6418269 0.050480768 0.086538464
0 0.7764423 0.6442308 0.0625 0.07932692
0 0.5576923 0.64663464 0.060096152 0.067307696
0 0.4375 0.53125 0.060096152 0.07692308
0 0.39182693 0.64663464 0.05528846 0.088942304
0 0.33894232 0.63461536 0.052884616 0.08173077
0 0.74278843 0.36057693 0.048076924 0.069711536
